1 1.99164142748 -0.249125692162 -1.01681205657
2 1.98467856971 0.991093256573 -1.55463075475
3 0.544276482457 1.10530279118 -0.046034695005
4 -0.965854933878 1.18000256781 -0.0335376663261
5 -0.872885819118 -0.132001543109 -1.54104539398
6 -0.946945202726 -1.36733161676 -1.69227805801
7 0.65945206466 -1.13868513692 -3.12061468651
8 2.19701766521 -1.0384067943 -3.03535732471
9 2.19686857435 0.198704567105 -1.57274467194
10 2.47661547886 1.23236755676 -1.69821773226
11 1.094518386 1.43901192976 -0.288821668183
12 -0.605306322653 1.54776687446 -0.0580823690979
13 -0.741805611129 0.246149027605 1.49694120341
14 -0.763760338411 -0.99676668613 1.5341801143
15 0.645782043799 -1.00416306536 -3.12601947306
16 2.15386247185 -0.821768584573 3.09121008291
17 2.11007864059 0.394027562332 1.57996434146
18 2.23992753059 1.58790044918 1.54089270656
19 0.943145343427 1.3646095705 2.9703294842
20 -0.761864032848 1.57816573621 3.02505495277
21 -0.797667533117 0.151779881008 1.39494689541
22 -1.1306247126 -0.949646480743 1.31453853071
23 0.535287525348 -1.44390224182 -0.203562699572
24 1.90509724852 -1.49974477333 -0.0762493320403
25 1.96369558597 -0.0342164010594 1.66190612288
26 1.80059886788 1.28846391846 1.76011583291
27 0.61256626883 1.1865813561 3.03849236505
28 -0.926718190288 1.47852588009 3.0070813035
29 -1.04551215004 0.068959890149 1.50761574712
30 -1.23232810669 -0.996825973425 1.30020108409
31 0.409686348877 -1.39023569582 -0.273003599875
32 2.02460670454 -1.36409999868 0.0237788654838
33 1.92097327164 0.107583437977 1.61936174629
34 1.78461203443 1.43931764458 1.69630188052
35 0.775655818656 1.26535407556 2.89717090547
36 -0.817806437961 1.50499300698 2.89901287276
37 -1.05269726142 0.142906558178 1.44438806504
38 -1.22709160228 -0.983000184038 1.31301728307
39 0.411449867664 -1.38235408362 -0.248404184912
40 1.88041854182 -1.2978481645 0.0188660325509
41 1.93791429393 0.0447263292319 1.66032139556
42 1.63694388007 1.44411441041 1.88297724962
43 0.724140083113 1.19579180267 3.0306128742
44 -0.95731038223 1.42502385209 3.00661370617
45 -1.09166154359 0.0146927054145 1.41119548719
46 -1.06727180089 -1.11663180859 1.39965055528
47 0.523657112041 -1.35649307605 -0.243360724762
48 2.04567621978 -1.27672416365 0.0236694016648
49 2.00282675391 0.157451533956 1.71823461942
50 1.92051130351 1.45015226944 1.68560775098
51 0.716964396637 1.22758755755 2.99748979304
52 -0.885388917655 1.45795156905 2.99231632184
53 -0.954066187417 0.0242596252628 1.37799140637
54 -1.07469772218 -1.13813458433 1.55502432169
55 0.315173158194 -1.12195070104 -3.0408094604
56 1.94269119446 -0.882100390874 3.13891076284
57 1.98303446651 0.246358606953 1.62630075817
58 1.91317376706 1.36816983678 1.61945892538
59 0.804090338059 1.27531771475 2.90875114627
60 -0.934770809602 1.56446483209 3.00502717546
61 -1.08923176248 0.131606136886 1.50799922582
62 -1.13533286762 -0.996824581305 1.29368818465
63 0.56893575622 -1.35089061893 -0.279208479407
64 2.02843036574 -1.28666568231 0.127556622752
65 2.00270783406 0.18322818446 1.68401264546
66 1.82619880441 1.46696543828 1.78687205181
67 0.830302198204 1.24834915629 2.98355787201
68 -0.878192299147 1.57257976287 2.97812510221
69 -0.943770024883 0.0959034049029 1.3612429518
70 -1.08285870697 -1.0992780709 1.51299538557
71 0.506201821174 -1.06322719667 -3.06908147908
72 1.96939136719 -0.781257779974 3.11192846718
73 2.0596641721 0.375966049448 1.56774367066
74 2.23723899003 1.12644896819 1.49899099366
75 0.787812258496 1.24736821248 2.99420433395
76 -0.887246883192 1.5126712628 3.05358902558
77 -0.913223323165 0.123219216402 1.46701812967
78 -1.0053065827 -1.03230687699 1.31738169578
79 0.654803043121 -1.43180661386 -0.220427806699
80 2.05499120168 -1.27325047937 0.160448677453
81 1.97607513405 0.170218250257 1.69149679995
82 2.02419729546 1.19056917955 1.61159954645
83 0.778369133947 1.21206713495 3.00693753309
84 -0.890868350987 1.53499948026 3.0180074504
85 -0.80440037021 -0.133914039213 1.30324721725
86 -0.920851937519 -1.21815183924 1.41011951879
87 0.775735768039 -1.49384523168 -0.216231049269
88 2.07270305288 -1.28898477862 0.0160740969715
89 2.0531846115 0.325839271786 1.70173694713
90 1.56895828954 1.64918196197 1.91051818479
91 1.02635716404 0.813036241876 3.05343100312
92 -0.839249524398 1.34365171135 3.08173185316
93 -0.622672755694 -0.287501970829 1.39126097504
94 -0.666862158416 -1.41593063052 1.43410834159
95 0.959727619185 -1.80407532172 -0.101616812027
96 2.11257301017 -1.41139958128 0.171539644448
97 2.01621413738 0.132628811924 1.75473530959
98 2.15863860999 0.975504829625 1.62534784263
99 1.00416158512 0.682939636906 3.02929289294
100 -0.826142871198 1.24175606456 3.05780188957
101 -0.764613663244 -0.399812769544 1.332179347
102 -0.985247252638 -1.43563002995 1.53381635382
103 0.978326784543 -1.64794990239 -0.152752401139
104 2.1032272246 -0.957181763508 0.00106440036277
105 2.08837953962 0.456885593924 1.69991445324
106 2.14642246877 1.07459467711 1.61414653706
107 0.96665082871 0.727315628644 3.05699840097
108 -0.796305370764 0.967971043646 -3.13188927997
109 -0.817178990836 -0.315753278751 1.53618054742
110 -0.731225695222 -1.36906348424 1.42771910287
111 1.16341831965 -1.70433386317 -0.160560669625
112 2.15848812481 -1.31560232419 0.101551729903
113 2.09756706217 0.352422784119 1.68037969344
114 2.31845540432 0.892190484644 1.53530091944
115 1.02847897709 0.723353270832 3.04444824738
116 -0.928137381975 1.37769240181 3.00941787649
117 -0.761660544452 -0.0575058609044 1.32221864469
118 -0.938560082928 -1.05700019691 1.54000660368
119 0.520245351765 -1.0161499482 3.11506791903
120 1.94870155238 -0.974908467329 3.0656980224
121 1.95834061363 0.502885247945 1.57805447085
122 2.02960387838 1.10290468734 1.583023404
123 1.0377024321 0.661760008625 3.02530325068
124 -0.840299496261 1.4283959743 3.0327646433
125 -0.949457102325 0.0735793698995 1.47688572311
126 -0.821542346902 -1.12401170623 1.4117193202
127 0.863346396222 -0.599491144048 0.95070584157
128 2.18530106498 -0.435503080304 0.175128250001
129 2.16481681079 0.564428051753 1.67335730325
130 2.34430322174 1.44157398409 1.61628073098
131 1.11997783148 0.908184491381 2.99706378487
132 -0.821212105786 1.46981483763 3.0051059099
133 -1.03241618069 -0.0411075520479 1.50678691669
134 -0.787028322247 -1.53984372163 1.3130795384
135 1.04744674185 -1.88565824263 -0.136852791117
136 2.13222590352 -1.22013490123 0.0448361343409
137 2.12248095557 0.483267445308 1.70737378018
138 2.11812680549 0.947602922674 1.63417819488
139 1.14721869107 0.45124998691 3.05548134619
140 -0.762187903499 1.19528558862 3.08547990217
141 -0.517715226887 -0.292756594372 1.33687861075
142 -0.657262378435 -1.25043974737 1.488096183
143 1.14730715277 -1.38405629775 -0.108027720978
144 2.15341050488 -1.16426068459 0.0246670681794
145 2.08105776457 0.470641099615 1.69047068863
146 2.16063770061 0.837006974309 1.65965902796
147 1.15579507026 0.443256657397 3.04804694719
148 -0.865173577048 1.29471754805 3.07995341677
149 -0.564599701714 -0.263602591552 1.3399832043
150 -0.802559425515 -1.2801215379 1.51191270407
151 0.610796774042 -0.98663080989 -3.08384406951
152 2.02989757556 -0.547216732551 -3.1123348835
153 2.05166135895 0.241911270787 1.65179490301
154 2.28700589356 0.731935358847 1.51333193234
155 1.10948623256 0.519651301575 3.04126199235
156 -0.762705906175 1.293414288 3.07608263144
157 -0.499497654754 -0.432887048554 1.39638071
158 -0.55965054124 -1.47225943446 1.38870532714
159 1.21975009175 -1.34976644103 -0.107819624898
160 2.08587107021 -1.09648317187 0.0496005015172
161 2.0310314717 0.299404686922 1.62041402182
162 1.95038619149 1.20030489388 1.74096342882
163 1.17031161413 0.44282025386 3.04015850745
164 -0.822521542652 1.27423707827 3.10818908635
165 -0.881339437081 0.436436598612 1.39262912515
166 -0.766602857132 -1.06603434801 1.38235990448
167 1.12313903349 -1.62163318489 -0.199953246072
168 2.13419153371 -1.06659395956 0.0248331068285
169 1.9907158642 0.449201007738 1.59499898274
170 2.27667532781 0.717078233002 1.57624195425
171 1.10347871009 0.525421512352 3.03312379479
172 -0.651297888135 0.881555959436 -3.10244830616
173 -0.400240384256 -0.706075918642 1.5052429264
174 -0.619637592586 -1.60204986248 1.52618166177
175 0.676496331468 -0.96586118388 -3.07732741489
176 1.91496881532 -0.459705206456 3.1370505192
177 2.06394614511 0.577599920926 1.62548558899
178 2.21426382349 1.29747190336 1.74709141359
179 1.28432323038 0.462389301529 3.09619482472
180 -0.768087871615 1.22535977109 3.09714896863
181 -0.985040701734 -0.407282084625 1.4493593829
182 -0.825064056343 -1.29393284708 1.40131731184
183 1.01027069306 -1.69865551497 -0.175974561414
184 2.0729199656 -1.18093576706 -0.03537495003
185 2.04756935002 0.371994595072 1.71445944446
186 2.29442132461 0.768602190401 1.61202225664
187 1.13843483523 0.470268409202 3.07842884395
188 -0.739428448186 1.32353979568 3.06956943982
189 -0.571284976356 -0.410427210124 1.39380523748
190 -0.649193738067 -1.32828267172 1.57466502605
191 0.676842565585 -0.854061160189 -3.08826882442
192 1.99804951154 -0.50762420936 -3.14021479851
193 1.92837297427 0.611704090815 1.51830629805
194 2.38786362193 0.842893986678 1.50096030444
195 1.27800523123 0.418841248429 3.00905923824
196 -0.822331703954 1.38738278802 3.0853158291
197 -0.853817435018 -0.0502288871432 1.46228118997
198 -0.762684647295 -1.30722510265 1.44791913648
199 1.08067957942 -1.6649501027 -0.18112355506
200 2.13295354482 -1.0951283448 0.0660861764944
201 1.94659975107 0.490947963823 1.57732940285
202 2.21704950399 0.955313439463 1.64557052876
203 1.03033185329 0.857511277971 3.09548653649
204 -0.814405520204 1.34682439289 3.08135446078
205 -0.59268841374 -0.422039137119 1.41868968913
206 -0.775922465769 -1.26109905711 1.53795373231
207 0.635839434383 -0.97201498568 3.12611458072
208 2.02236605346 -0.488287651794 -3.14078419562
209 1.94215458083 0.742925011921 1.53563506307
210 2.21144834065 0.745628064886 1.53546138448
211 0.898381456301 0.880353423302 3.13199990503
212 -0.917952241962 1.32323216138 3.09619319689
213 -0.915638384978 -0.222628360206 1.39974717883
214 -0.843580582791 -1.19738019796 1.4505323418
215 0.966193847133 -1.59797981788 -0.207563324083
216 1.86532038474 -1.02332313608 -0.0598371507746
217 1.99451153503 0.78739307227 1.59369761457
218 2.37196045928 1.01213020817 1.6116452928
219 1.19361524214 0.375091924177 3.04876640819
220 -0.67181475895 1.15886818093 3.04391940424
221 -0.58139401674 -0.428628665369 1.40084024536
222 -0.807385349253 -1.33423721019 1.53375935814
223 0.389013195067 -0.842894801157 -3.0066961294
224 1.88068222295 -0.898436966549 3.0615665601
225 1.88127881598 0.949138663302 1.6180059957
226 2.41525016147 1.41583815395 1.53985406092
227 1.29894445346 0.538816965043 2.99228385955
228 -0.789910695265 1.41654460841 3.07855418254
229 -0.889682842921 -0.247018775272 1.41324537812
230 -0.776723223351 -1.19027478328 1.42612285083
231 0.931390269792 -1.64531179187 -0.193754980004
232 1.90345976851 -1.28225063869 0.0411382438039
233 2.01247585624 0.515164625239 1.63947795139
234 2.24151530859 0.894607519898 1.62980422994
235 1.14264816376 0.373359973961 3.0851121255
236 -0.80457656922 1.34585582509 3.06912646773
237 -0.573858313438 -0.268817967922 1.33737661339
238 -0.816341808324 -1.14351049227 1.5265495422
239 0.618817428326 -0.946876281479 -3.10830944071
240 1.96536164629 -0.389709160982 -3.10078366883
241 1.94205863866 0.193867573162 1.60213696772
242 1.93333459088 0.762053563839 1.84485773813
243 1.22642301449 0.229060601662 3.05967217631
244 -0.734985497983 1.16631328584 3.08584974388
245 -0.64230647043 -0.0494431541091 1.40383796094
246 -0.562322194935 -1.04745446736 1.3880307868
247 1.29735078877 -1.67325201032 -0.194417865513
248 2.18357438904 -1.01391783817 0.0319245127429
249 2.06524460032 0.577095592961 1.62834504452
250 1.87646380586 0.887166475083 1.90903102642
251 1.13384278361 0.163433657279 -3.13626890171
252 -0.916824642209 1.28773410473 3.07060540083
253 -0.685312348651 -0.38650184121 1.39113179514
254 -0.880724429405 -1.30366441158 1.51486162541
255 0.594048100967 -0.752506059863 -3.03656964029
256 0.594048100967 -0.752506059863 -3.03656964029
